------------------------- Rotation = 0 ---------------------------------
[[-204.506    1.363    1.481  -13.983    6.517    9.999    6.517 -200.751]
 [-204.47     1.829    2.058  -11.981    5.859    9.999    5.859 -201.471]
 [-204.506    2.167    2.495   -6.289    6.517    9.999    6.517 -200.751]
 [-204.47     2.501    3.023    3.365    5.859    8.584    5.859 -201.471]
 [-203.844    2.52     2.985    3.248    5.457    7.354    5.457 -202.489]
 [-203.731    2.501    3.023    3.365    4.88     6.331    4.897 -202.696]
 [-203.844    2.52     2.985    3.248    4.393    5.461    4.389 -202.489]
 [-203.731    2.414    2.793    3.057    3.818    4.545    3.883 -202.696]]
------------------------- Rotation = 1 ---------------------------------
[[-212.117  -71.561  -40.065  -47.909  -31.565  -24.603  -27.899 -182.22 ]
 [-149.177    0.       1.651   -7.496    3.843    9.999    7.013 -109.905]
 [-140.125    1.701    2.38    -4.533    6.257    9.077    6.037 -111.778]
 [-123.963    2.082    2.824    2.923    6.036    7.759    5.41  -114.615]
 [-116.756    2.396    3.146    3.462    5.358    6.688    4.799 -121.914]
 [-114.06     2.78     3.317    3.387    4.89     5.781    4.242 -138.427]
 [-113.385    2.742    3.16     3.425    4.159    4.223    0.    -147.206]
 [-185.017  -30.544  -29.68   -29.659  -30.443  -37.001  -69.313 -210.021]]
------------------------- Rotation = 2 ---------------------------------
[[-211.808 -149.297 -140.332 -129.8   -124.446 -114.705 -110.562 -182.762]
 [ -71.014    0.       1.222   -1.603    0.       9.999    9.077  -26.503]
 [ -39.79     1.908    1.89     1.706    7.011    7.149    7.011  -26.676]
 [ -32.533    2.263    2.242    2.506    6.322    6.065    6.084  -27.743]
 [ -30.044    3.132    3.657    3.529    5.517    5.283    5.3    -29.931]
 [ -29.677    3.138    3.61     4.026    4.865    4.604    4.625  -37.559]
 [ -30.411    2.728    3.107    3.491    3.831    3.7      0.     -69.548]
 [-185.115 -113.356 -113.63  -115.354 -121.712 -137.998 -146.826 -209.834]]
------------------------- Rotation = 3 ---------------------------------
[[-207.092 -209.272 -207.092 -205.513 -202.512 -201.595 -202.512 -201.595]
 [   1.14     1.178    1.14     7.912    9.999    9.999    9.999    7.912]
 [   1.661    1.76     1.661    6.144    6.642    6.144    6.642    6.144]
 [   1.99     2.092    1.99     5.488    5.71     5.488    5.71     5.488]
 [   2.98     3.446    3.947    4.822    5.039    4.848    5.039    4.848]
 [   2.789    3.245    3.693    4.281    4.407    4.294    4.407    4.294]
 [   2.477    2.814    3.131    3.511    3.781    3.742    3.781    3.742]
 [-203.703 -203.644 -203.703 -203.644 -202.778 -202.678 -202.778 -202.678]]
------------------------- Rotation = 4 ---------------------------------
[[-186.756 -117.425 -122.247 -119.906 -118.792 -135.154 -143.644 -207.823]
 [ -31.371    1.185    0.       3.193    9.077    9.999    0.     -65.218]
 [ -30.67     1.764    1.802    3.186    7.011    7.149    7.011  -35.108]
 [ -30.627    2.125    2.165    4.975    6.084    6.064    6.322  -28.961]
 [ -31.456    3.222    3.766    4.369    5.347    5.402    5.568  -28.056]
 [ -38.719    2.768    3.429    3.825    4.676    4.733    4.915  -28.289]
 [ -70.603    0.       2.651    2.969    3.417    4.005    4.278  -29.663]
 [-211.037 -148.336 -139.526 -123.148 -115.9   -112.979 -112.104 -183.996]]
------------------------- Rotation = 5 ---------------------------------
[[-186.924  -31.842  -34.068  -46.069  -28.849  -32.668  -67.409 -207.214]
 [-114.314    1.522    0.489   -4.458    7.013    9.999    0.    -144.474]
 [-114.568    2.094    1.768   -2.85     6.037    9.077    6.257 -135.361]
 [-116.362    2.502    2.221    4.076    5.407    7.758    6.036 -119.97 ]
 [-123.012    2.688    3.342    3.67     5.039    6.742    5.371 -113.892]
 [-139.393    2.465    3.177    3.623    4.503    5.827    4.847 -112.26 ]
 [-148.23     0.       2.891    3.241    4.025    5.055    4.296 -112.138]
 [-210.956  -70.715  -38.857  -31.511  -29.177  -28.157  -29.361 -184.205]]
------------------------- Rotation = 6 ---------------------------------
[[-204.506    1.363    1.481  -13.983    6.517    9.999    6.517 -200.751]
 [-204.47     1.829    2.058  -11.981    5.859    9.999    5.859 -201.471]
 [-204.506    2.167    2.495   -6.289    6.517    9.999    6.517 -200.751]
 [-204.47     2.501    3.023    3.365    5.859    8.584    5.859 -201.471]
 [-203.844    2.52     2.985    3.248    5.457    7.354    5.457 -202.489]
 [-203.731    2.501    3.023    3.365    4.88     6.331    4.897 -202.696]
 [-203.844    2.52     2.985    3.248    4.393    5.461    4.389 -202.489]
 [-203.731    2.414    2.793    3.057    3.818    4.545    3.883 -202.696]]
------------------------- Rotation = 7 ---------------------------------
[[-212.117  -71.561  -40.065  -47.909  -31.565  -24.603  -27.899 -182.22 ]
 [-149.177    0.       1.651   -7.496    3.843    9.999    7.013 -109.905]
 [-140.125    1.701    2.38    -4.533    6.257    9.077    6.037 -111.778]
 [-123.963    2.082    2.824    2.923    6.036    7.759    5.41  -114.615]
 [-116.756    2.396    3.146    3.462    5.358    6.688    4.799 -121.914]
 [-114.06     2.78     3.317    3.387    4.89     5.781    4.242 -138.427]
 [-113.385    2.742    3.16     3.425    4.159    4.223    0.    -147.206]
 [-185.017  -30.544  -29.68   -29.659  -30.443  -37.001  -69.313 -210.021]]
------------------------- Rotation = 8 ---------------------------------
[[-211.808 -149.297 -140.332 -129.8   -124.446 -114.705 -110.562 -182.762]
 [ -71.014    0.       1.222   -1.603    0.       9.999    9.077  -26.503]
 [ -39.79     1.908    1.89     1.706    7.011    7.149    7.011  -26.676]
 [ -32.533    2.263    2.242    2.506    6.322    6.065    6.084  -27.743]
 [ -30.044    3.132    3.657    3.529    5.517    5.283    5.3    -29.931]
 [ -29.677    3.138    3.61     4.026    4.865    4.604    4.625  -37.559]
 [ -30.411    2.728    3.107    3.491    3.831    3.7      0.     -69.548]
 [-185.115 -113.356 -113.63  -115.354 -121.712 -137.998 -146.826 -209.834]]
------------------------- Rotation = 9 ---------------------------------
[[-207.092 -209.272 -207.092 -205.513 -202.512 -201.595 -202.512 -201.595]
 [   1.14     1.178    1.14     7.912    9.999    9.999    9.999    7.912]
 [   1.661    1.76     1.661    6.144    6.642    6.144    6.642    6.144]
 [   1.99     2.092    1.99     5.488    5.71     5.488    5.71     5.488]
 [   2.98     3.446    3.947    4.822    5.039    4.848    5.039    4.848]
 [   2.789    3.245    3.693    4.281    4.407    4.294    4.407    4.294]
 [   2.477    2.814    3.131    3.511    3.781    3.742    3.781    3.742]
 [-203.703 -203.644 -203.703 -203.644 -202.778 -202.678 -202.778 -202.678]]
------------------------- Rotation = 10 ---------------------------------
[[-186.756 -117.425 -122.247 -119.906 -118.792 -135.154 -143.644 -207.823]
 [ -31.371    1.185    0.       3.193    9.077    9.999    0.     -65.218]
 [ -30.67     1.764    1.802    3.186    7.011    7.149    7.011  -35.108]
 [ -30.627    2.125    2.165    4.975    6.084    6.064    6.322  -28.961]
 [ -31.456    3.222    3.766    4.369    5.347    5.402    5.568  -28.056]
 [ -38.719    2.768    3.429    3.825    4.676    4.733    4.915  -28.289]
 [ -70.603    0.       2.651    2.969    3.417    4.005    4.278  -29.663]
 [-211.037 -148.336 -139.526 -123.148 -115.9   -112.979 -112.104 -183.996]]
------------------------- Rotation = 11 ---------------------------------
[[-186.924  -31.842  -34.068  -46.069  -28.849  -32.668  -67.409 -207.214]
 [-114.314    1.522    0.489   -4.458    7.013    9.999    0.    -144.474]
 [-114.568    2.094    1.768   -2.85     6.037    9.077    6.257 -135.361]
 [-116.362    2.502    2.221    4.076    5.407    7.758    6.036 -119.97 ]
 [-123.012    2.688    3.342    3.67     5.039    6.742    5.371 -113.892]
 [-139.393    2.465    3.177    3.623    4.503    5.827    4.847 -112.26 ]
 [-148.23     0.       2.891    3.241    4.025    5.055    4.296 -112.138]
 [-210.956  -70.715  -38.857  -31.511  -29.177  -28.157  -29.361 -184.205]]
Policy Iteration took 9.761 seconds.
