------------------------- Rotation = 0 ---------------------------------
[[-683.052 -608.706 -516.921 -403.606 -263.711    9.999 -263.711 -403.606]
 [-683.052 -608.706 -516.921 -403.606 -263.711    9.999 -263.711 -403.606]
 [-683.052 -508.706 -416.921 -313.606 -163.711    9.999 -163.711 -403.606]
 [-191.247   -1.386   -1.54   -11.711    8.099    8.999    8.099 -182.711]
 [-191.123   -1.247   -9.486  -12.44     7.289    8.099    7.289 -183.44 ]
 [-191.011   -7.684  -10.076   -3.096    6.56     7.289    6.56  -184.096]
 [-196.224   -8.162   -2.508    5.314    5.904    6.56     5.904 -184.686]
 [-196.611   -2.032    4.304    4.782    5.314    5.904    5.314 -185.218]]
------------------------- Rotation = 1 ---------------------------------
[[-647.836 -565.229 -463.245 -337.34  -181.901    9.999 -181.901 -337.34 ]
 [-647.836 -565.229 -463.245 -337.34  -181.901    9.999 -181.901 -337.34 ]
 [-101.386   -1.54    -1.711   -1.901    8.999    9.999    8.999  -91.901]
 [-101.247   -1.386  -10.54    -2.711    8.099    8.999    8.099  -92.711]
 [-101.123   -8.537  -11.196   -3.44     7.289    8.099    7.289  -93.44 ]
 [-106.915   -9.069   -2.786    5.904    6.56     7.289    6.56   -94.096]
 [-107.346   -2.257    4.782    5.314    5.904    6.56     5.904  -94.686]
 [-101.828    3.873    4.304    4.782    5.314    5.904    5.314  -95.218]]
------------------------- Rotation = 2 ---------------------------------
[[-608.706 -516.921 -403.606 -263.711  -91.001 -263.711  -91.001 -263.711]
 [  -1.54    -1.711   -1.901    8.999    9.999    9.999    9.999    8.999]
 [  -1.386   -1.54   -11.711    8.099    8.999    8.099    8.999    8.099]
 [  -1.247   -9.486  -12.44     7.289    8.099    7.289    8.099    7.289]
 [  -7.684  -10.076   -3.096    6.56     7.289    6.56     7.289    6.56 ]
 [  -8.162   -2.508    5.314    5.904    6.56     5.904    6.56     5.904]
 [  -2.032    4.304    4.782    5.314    5.904    5.314    5.904    5.314]
 [ -96.514  -96.127  -95.696  -95.218  -94.686  -95.218  -94.686  -95.218]]
------------------------- Rotation = 3 ---------------------------------
[[-565.229 -463.245 -337.34  -181.901 -337.34  -181.901 -337.34  -181.901]
 [  -1.54    -1.711   -1.901    8.999    9.999    9.999    9.999    8.999]
 [  -1.386  -10.54    -2.711    8.099    7.289    8.099    7.289    8.099]
 [  -8.537  -11.196   -3.44     7.289    6.56     7.289    6.56     7.289]
 [  -9.069   -2.786    5.904    6.56     5.904    6.56     5.904    6.56 ]
 [  -2.257    4.782    5.314    5.904    5.314    5.904    5.314    5.904]
 [   3.873    4.304    4.782    5.314    4.782    5.314    4.782    5.314]
 [-186.514 -186.127 -185.696 -185.218 -185.696 -185.218 -185.696 -185.218]]
------------------------- Rotation = 4 ---------------------------------
[[-101.386 -101.54  -101.711  -91.901  -91.001  -91.901  -91.001  -91.901]
 [  -1.54    -1.711   -1.901    8.999    9.999    9.999    9.999    8.999]
 [   2.541   -4.614  -14.218    6.56     8.999    6.56     8.999    6.56 ]
 [ -88.59     3.137   -5.696    5.904    8.099    5.904    8.099    5.904]
 [-200.783 -109.37     3.873    5.314    7.289    5.314    7.289    5.314]
 [-339.293 -247.88  -135.024    4.782    6.56     4.782    6.56     4.782]
 [-510.293 -418.88  -306.024 -166.696    5.904 -166.696    5.904 -166.696]
 [-610.293 -518.88  -406.024 -266.696  -94.686 -266.696  -94.686 -266.696]]
------------------------- Rotation = 5 ---------------------------------
[[-101.386   -1.54    -1.711   -1.901    8.999    9.999    8.999  -91.901]
 [ -97.713   -4.153  -12.796   -4.096    8.099    9.999    8.099  -94.096]
 [-179.731    2.823   -5.127   -4.686    7.289    9.999    7.289  -94.686]
 [-280.704  -98.433    3.486    4.782    6.56     8.999    6.56   -95.218]
 [-405.363 -223.092 -121.522    4.304    5.904    8.099    5.904  -95.696]
 [-559.263 -376.992 -275.422 -150.027    5.314    7.289    5.314 -250.027]
 [-649.263 -566.992 -465.422 -340.027 -185.218    6.56  -185.218 -340.027]
 [-649.263 -566.992 -465.422 -340.027 -185.218    5.904 -185.218 -340.027]]
------------------------- Rotation = 6 ---------------------------------
[[-187.942   -3.738  -11.517  -13.686    7.289    9.999    7.289 -184.686]
 [-261.758    2.541   -4.614  -14.218    6.56     9.999    6.56  -185.218]
 [-352.634  -88.59     3.137   -5.696    5.904    9.999    5.904 -185.696]
 [-464.827 -200.783 -109.37     3.873    5.314    8.999    5.314 -186.127]
 [-603.337 -339.293 -247.88  -135.024    4.782    8.099    4.782 -325.024]
 [-684.337 -510.293 -418.88  -306.024 -166.696    7.289 -166.696 -406.024]
 [-684.337 -610.293 -518.88  -406.024 -266.696    6.56  -266.696 -406.024]
 [-684.337 -610.293 -518.88  -406.024 -266.696    5.904 -266.696 -406.024]]
------------------------- Rotation = 7 ---------------------------------
[[-101.386   -1.54    -1.711   -1.901    8.999    9.999    8.999  -91.901]
 [ -97.713   -4.153  -12.796   -4.096    8.099    9.999    8.099  -94.096]
 [-179.731    2.823   -5.127   -4.686    7.289    9.999    7.289  -94.686]
 [-280.704  -98.433    3.486    4.782    6.56     8.999    6.56   -95.218]
 [-405.363 -223.092 -121.522    4.304    5.904    8.099    5.904  -95.696]
 [-559.263 -376.992 -275.422 -150.027    5.314    7.289    5.314 -250.027]
 [-649.263 -566.992 -465.422 -340.027 -185.218    6.56  -185.218 -340.027]
 [-649.263 -566.992 -465.422 -340.027 -185.218    5.904 -185.218 -340.027]]
------------------------- Rotation = 8 ---------------------------------
[[-101.386 -101.54  -101.711  -91.901  -91.001  -91.901  -91.001  -91.901]
 [  -1.54    -1.711   -1.901    8.999    9.999    9.999    9.999    8.999]
 [   2.541   -4.614  -14.218    6.56     8.999    6.56     8.999    6.56 ]
 [ -88.59     3.137   -5.696    5.904    8.099    5.904    8.099    5.904]
 [-200.783 -109.37     3.873    5.314    7.289    5.314    7.289    5.314]
 [-339.293 -247.88  -135.024    4.782    6.56     4.782    6.56     4.782]
 [-510.293 -418.88  -306.024 -166.696    5.904 -166.696    5.904 -166.696]
 [-610.293 -518.88  -406.024 -266.696  -94.686 -266.696  -94.686 -266.696]]
------------------------- Rotation = 9 ---------------------------------
[[-191.386 -191.54  -182.711 -181.901 -182.711 -181.901 -182.711 -181.901]
 [  -1.54    -1.711   -1.901    8.999    9.999    9.999    9.999    8.999]
 [  -4.153  -12.796   -4.096    8.099    5.904    8.099    5.904    8.099]
 [   2.823   -5.127   -4.686    7.289    5.314    7.289    5.314    7.289]
 [ -98.433    3.486    4.782    6.56     4.782    6.56     4.782    6.56 ]
 [-223.092 -121.522    4.304    5.904    4.304    5.904    4.304    5.904]
 [-376.992 -275.422 -150.027    5.314 -150.027    5.314 -150.027    5.314]
 [-566.992 -465.422 -340.027 -185.218 -340.027 -185.218 -340.027 -185.218]]
------------------------- Rotation = 10 ---------------------------------
[[-608.706 -516.921 -403.606 -263.711  -91.001 -263.711  -91.001 -263.711]
 [  -1.54    -1.711   -1.901    8.999    9.999    9.999    9.999    8.999]
 [  -1.386   -1.54   -11.711    8.099    8.999    8.099    8.999    8.099]
 [  -1.247   -9.486  -12.44     7.289    8.099    7.289    8.099    7.289]
 [  -7.684  -10.076   -3.096    6.56     7.289    6.56     7.289    6.56 ]
 [  -8.162   -2.508    5.314    5.904    6.56     5.904    6.56     5.904]
 [  -2.032    4.304    4.782    5.314    5.904    5.314    5.904    5.314]
 [ -96.514  -96.127  -95.696  -95.218  -94.686  -95.218  -94.686  -95.218]]
------------------------- Rotation = 11 ---------------------------------
[[-647.836 -565.229 -463.245 -337.34  -181.901    9.999 -181.901 -337.34 ]
 [-647.836 -565.229 -463.245 -337.34  -181.901    9.999 -181.901 -337.34 ]
 [-101.386   -1.54    -1.711   -1.901    8.999    9.999    8.999  -91.901]
 [-101.247   -1.386  -10.54    -2.711    8.099    8.999    8.099  -92.711]
 [-101.123   -8.537  -11.196   -3.44     7.289    8.099    7.289  -93.44 ]
 [-106.915   -9.069   -2.786    5.904    6.56     7.289    6.56   -94.096]
 [-107.346   -2.257    4.782    5.314    5.904    6.56     5.904  -94.686]
 [-101.828    3.873    4.304    4.782    5.314    5.904    5.314  -95.218]]
