------------------------- Rotation = 0 ---------------------------------
[[-204.823    0.997    1.08   -16.051    2.997    3.247    2.98  -202.774]
 [-204.865    1.339    1.502  -13.009    3.09     3.5      3.09  -202.718]
 [-204.823    1.587    1.825   -7.266    2.997    3.415    2.98  -202.774]
 [-204.865    1.828    2.214    2.454    3.09     3.5      3.09  -202.718]
 [-204.423    1.829    2.169    2.364    2.916    3.415    2.905 -203.434]
 [-204.283    1.828    2.214    2.454    2.817    3.137    2.797 -203.589]
 [-204.423    1.829    2.169    2.364    2.618    2.804    2.591 -203.434]
 [-204.283    1.728    1.992    2.188    2.347    2.474    2.247 -203.589]]
------------------------- Rotation = 1 ---------------------------------
[[-212.318  -71.705  -40.458  -48.971  -33.859  -30.215  -30.408 -184.91 ]
 [-149.443    0.       1.204   -8.229    0.515    3.674    3.408 -112.182]
 [-140.324    1.244    1.737   -5.328    3.022    3.834    3.294 -112.898]
 [-124.288    1.522    2.056    2.127    3.124    3.848    2.913 -115.643]
 [-117.247    1.75     2.285    2.478    3.136    3.505    2.698 -122.848]
 [-114.7      2.021    2.403    2.449    2.921    3.113    2.434 -139.305]
 [-114.052    1.964    2.255    2.461    2.619    2.723    0.    -148.074]
 [-185.572  -31.026  -30.438  -30.623  -32.056  -39.047  -70.702 -210.824]]
------------------------- Rotation = 2 ---------------------------------
[[-212.016 -149.615 -140.593 -130.266 -125.652 -117.721 -114.389 -185.033]
 [ -71.085    0.       0.891   -1.984    0.       3.49     3.341  -29.691]
 [ -40.128    1.393    1.378    0.629    3.427    4.472    4.164  -27.952]
 [ -32.995    1.65     1.633    1.825    3.622    3.982    3.553  -29.011]
 [ -30.765    2.286    2.666    2.555    3.332    3.518    3.12   -31.054]
 [ -30.421    2.26     2.62     2.845    2.977    3.097    2.681  -38.56 ]
 [ -30.955    1.925    2.174    2.44     2.575    2.668    0.     -70.511]
 [-185.62  -114.057 -114.54  -116.656 -123.39  -139.592 -148.474 -211.03 ]]
------------------------- Rotation = 3 ---------------------------------
[[-207.577 -209.917 -207.577 -207.322 -205.813 -204.625 -205.813 -204.625]
 [   0.831    0.859    0.831    3.524    3.551    3.524    3.551    3.069]
 [   1.21     1.283    1.21     4.62     5.228    4.62     5.228    4.614]
 [   1.448    1.523    1.448    3.922    4.323    4.011    4.323    4.011]
 [   2.173    2.515    2.873    3.485    3.767    3.572    3.767    3.572]
 [   2.01     2.335    2.66     3.064    3.297    3.181    3.297    3.181]
 [   1.753    1.978    2.187    2.379    2.797    2.764    2.797    2.764]
 [-204.287 -204.356 -204.287 -204.356 -203.592 -203.457 -203.592 -203.457]]
------------------------- Rotation = 4 ---------------------------------
[[-187.136 -118.002 -123.145 -121.248 -120.312 -136.531 -145.39  -209.696]
 [ -31.617    0.864    0.      -0.495    3.937    3.636    0.     -69.832]
 [ -31.128    1.286    1.313    1.809    5.438    5.716    5.437  -37.423]
 [ -31.193    1.546    1.576    3.648    4.579    4.649    4.582  -30.675]
 [ -32.22     2.343    2.765    3.246    3.994    4.042    4.118  -29.505]
 [ -39.406    2.003    2.44     2.85     3.497    3.538    3.652  -29.552]
 [ -70.959    0.       1.872    2.114    2.407    2.937    3.167  -30.39 ]
 [-211.384 -148.851 -139.934 -123.705 -116.625 -113.869 -113.044 -184.787]]
------------------------- Rotation = 5 ---------------------------------
[[-187.268  -32.198  -34.653  -47.116  -30.55   -34.474  -69.594 -210.605]
 [-114.705    1.108    0.      -6.786    4.236    4.987    0.    -147.287]
 [-115.068    1.524    1.291   -3.997    4.429    7.182    4.408 -138.388]
 [-116.976    1.82     1.619    3.048    3.949    5.906    4.341 -122.005]
 [-123.642    1.953    2.402    2.732    3.733    5.088    3.871 -115.407]
 [-139.889    1.799    2.31     2.674    3.326    4.394    3.539 -113.502]
 [-148.814    0.       2.063    2.376    2.928    3.795    3.156 -113.207]
 [-211.379  -70.965  -39.469  -32.254  -30.126  -29.214  -30.128 -184.956]]
------------------------- Rotation = 6 ---------------------------------
[[-204.827    0.992    1.082  -16.095    3.713    7.307    3.744 -202.959]
 [-204.87     1.331    1.503  -13.022    4.092    9.999    4.085 -202.958]
 [-204.827    1.576    1.818   -7.245    3.889    7.307    3.903 -202.959]
 [-204.87     1.821    2.194    2.501    4.092    6.505    4.085 -202.958]
 [-204.404    1.844    2.185    2.407    3.889    5.577    3.903 -203.53 ]
 [-204.26     1.821    2.194    2.501    3.533    4.791    3.547 -203.575]
 [-204.404    1.844    2.185    2.407    3.214    4.125    3.212 -203.53 ]
 [-204.26     1.757    2.025    2.202    2.79     3.418    2.855 -203.575]]
------------------------- Rotation = 7 ---------------------------------
[[-212.344  -71.73   -40.463  -48.991  -33.229  -26.355  -29.092 -184.502]
 [-149.442    0.       1.207   -8.364    1.623    5.269    4.238 -112.437]
 [-140.324    1.24     1.74    -5.297    4.395    7.115    4.416 -113.074]
 [-124.284    1.518    2.072    2.164    4.319    5.872    3.949 -115.809]
 [-117.239    1.748    2.307    2.547    3.866    5.05     3.528 -123.023]
 [-114.682    2.036    2.437    2.501    3.571    4.36     3.136 -139.517]
 [-114.024    1.998    2.286    2.415    3.046    3.144    0.    -148.374]
 [-185.531  -31.012  -30.407  -30.463  -31.471  -38.118  -70.35  -211.133]]
------------------------- Rotation = 8 ---------------------------------
[[-212.03  -149.621 -140.605 -130.275 -125.437 -115.677 -111.968 -183.95 ]
 [ -71.086    0.       0.893   -2.055    0.       3.693    4.08   -29.762]
 [ -40.125    1.393    1.383    0.311    5.405    5.703    5.404  -28.485]
 [ -32.987    1.657    1.645    1.844    4.557    4.62     4.56   -29.304]
 [ -30.752    2.298    2.684    2.591    4.08     3.942    3.957  -31.325]
 [ -30.392    2.302    2.644    2.961    3.612    3.445    3.46   -38.812]
 [ -30.926    1.971    2.244    2.549    2.737    2.345    0.     -70.804]
 [-185.597 -114.001 -114.368 -116.228 -122.701 -138.98  -147.781 -210.713]]
------------------------- Rotation = 9 ---------------------------------
[[-207.69  -210.153 -207.69  -208.325 -203.601 -202.742 -203.601 -202.742]
 [   0.834    0.861    0.834    3.118    3.66     3.613    3.66     3.613]
 [   1.215    1.287    1.215    4.591    5.201    4.595    5.201    4.595]
 [   1.459    1.535    1.459    3.989    4.297    3.989    4.297    3.907]
 [   2.187    2.529    2.897    3.54     3.706    3.54     3.706    3.409]
 [   2.045    2.38     2.706    3.158    3.242    3.158    3.242    2.992]
 [   1.793    2.028    2.239    2.437    2.311    2.437    2.311    2.147]
 [-204.237 -204.261 -204.237 -204.261 -204.098 -203.942 -204.098 -203.942]]
------------------------- Rotation = 10 ---------------------------------
[[-187.169 -118.13  -123.576 -122.528 -122.857 -139.038 -147.882 -210.45 ]
 [ -31.615    0.866    0.      -0.429    3.389    3.566    0.     -69.786]
 [ -31.124    1.289    1.318    1.885    4.146    4.447    3.411  -37.146]
 [ -31.183    1.559    1.587    3.68     3.533    3.96     3.602  -30.398]
 [ -32.205    2.364    2.763    3.205    3.107    3.477    3.29   -29.281]
 [ -39.378    2.027    2.52     2.751    2.786    3.054    2.936  -29.351]
 [ -70.964    0.       1.923    2.131    2.297    2.343    2.355  -30.564]
 [-211.387 -148.863 -139.935 -123.72  -116.768 -114.364 -113.643 -185.104]]
------------------------- Rotation = 11 ---------------------------------
[[-187.319  -32.211  -34.726  -47.435  -32.128  -38.375  -70.116 -210.101]
 [-114.7      1.113    0.      -6.728    3.42     3.683    0.    -147.023]
 [-115.059    1.533    1.292   -3.997    3.295    3.813    3.015 -138.314]
 [-116.962    1.834    1.625    3.009    2.983    3.826    3.111 -121.869]
 [-123.623    1.967    2.455    2.668    3.058    3.477    3.117 -115.266]
 [-139.876    1.789    2.331    2.651    2.796    3.076    2.892 -113.382]
 [-148.789    0.       2.115    2.338    2.451    2.664    2.52  -113.199]
 [-211.365  -70.953  -39.481  -32.266  -30.493  -29.986  -30.581 -185.146]]
Value Iteration took 6.688 seconds.
