------------------------- Rotation = 0 ---------------------------------
[[-186.863    3.486    3.873  -13.686    5.904    5.314    5.904 -184.686]
 [-186.514    3.873    4.304  -14.218    5.314    4.782    5.314 -185.218]
 [-186.127    4.304    4.782   -5.696    5.904    5.314    5.904 -184.686]
 [-186.514    3.873    4.304    3.873    5.314    4.782    5.314 -185.218]
 [-186.127    4.304    4.782    4.304    5.904    5.314    5.904 -184.686]
 [-186.514    3.873    4.304    3.873    5.314    4.782    5.314 -185.218]
 [-186.127    4.304    4.782    4.304    4.782    4.304    4.782 -185.696]
 [-186.514    3.873    4.304    3.873    4.304    3.873    4.304 -186.127]]
------------------------- Rotation = 1 ---------------------------------
[[-96.863   3.486   3.873  -4.686   5.904   5.314   5.904 -94.686]
 [-96.514   3.873   4.304  -4.096   6.56    5.904   6.56  -94.096]
 [-96.127   4.304   4.782  -4.686   5.904   5.314   5.904 -94.686]
 [-95.696   4.782   5.314   4.782   6.56    5.904   6.56  -94.096]
 [-96.127   4.304   4.782   4.304   5.904   5.314   5.904 -94.686]
 [-95.696   4.782   5.314   4.782   5.314   4.782   5.314 -95.218]
 [-96.127   4.304   4.782   4.304   4.782   4.304   4.782 -95.696]
 [-96.514   3.873   4.304   3.873   4.304   3.873   4.304 -96.127]]
------------------------- Rotation = 2 ---------------------------------
[[-96.863 -96.514 -96.863 -94.686 -95.218 -94.686 -95.218 -94.686]
 [  3.486   3.873   3.486   5.904   6.56    5.904   6.56    5.904]
 [  3.873   4.304   3.873   6.56    7.289   6.56    7.289   6.56 ]
 [  4.304   4.782   4.304   5.904   6.56    5.904   6.56    5.904]
 [  4.782   5.314   5.904   5.314   5.904   5.314   5.904   5.314]
 [  4.304   4.782   5.314   4.782   5.314   4.782   5.314   4.782]
 [  3.873   4.304   4.782   4.304   4.782   4.304   4.782   4.304]
 [-96.514 -96.127 -96.514 -96.127 -96.514 -96.127 -96.514 -96.127]]
------------------------- Rotation = 3 ---------------------------------
[[-186.863 -187.177 -184.096 -181.901 -184.096 -181.901 -184.096 -181.901]
 [   3.486    3.137    3.486    7.289    6.56     7.289    6.56     7.289]
 [   3.873    3.486    3.873    8.099    7.289    8.099    7.289    8.099]
 [   4.304    3.873    4.304    7.289    6.56     7.289    6.56     7.289]
 [   4.782    5.314    5.904    6.56     5.904    6.56     5.904    6.56 ]
 [   4.304    4.782    5.314    5.904    5.314    5.904    5.314    5.904]
 [   3.873    4.304    4.782    5.314    4.782    5.314    4.782    5.314]
 [-186.514 -186.127 -185.696 -185.218 -185.696 -185.218 -185.696 -185.218]]
------------------------- Rotation = 4 ---------------------------------
[[-96.863 -96.514 -96.863 -93.44  -91.001 -93.44  -91.001 -93.44 ]
 [  3.486   3.873   3.486   7.289   8.099   7.289   8.099   7.289]
 [  3.873   4.304   3.873   8.099   8.999   8.099   8.999   8.099]
 [  4.304   4.782   4.304   7.289   8.099   7.289   8.099   7.289]
 [  4.782   5.314   5.904   6.56    7.289   6.56    7.289   6.56 ]
 [  4.304   4.782   5.314   5.904   6.56    5.904   6.56    5.904]
 [  3.873   4.304   4.782   5.314   5.904   5.314   5.904   5.314]
 [-96.514 -96.127 -95.696 -95.218 -94.686 -95.218 -94.686 -95.218]]
------------------------- Rotation = 5 ---------------------------------
[[-96.863   3.486   3.873  -3.44    7.289   9.999   7.289 -93.44 ]
 [-96.514   3.873   4.304  -2.711   8.099   8.999   8.099 -92.711]
 [-96.127   4.304   4.782  -3.44    7.289   9.999   7.289 -93.44 ]
 [-95.696   4.782   5.314   5.904   8.099   8.999   8.099 -92.711]
 [-96.127   4.304   4.782   5.314   7.289   8.099   7.289 -93.44 ]
 [-95.696   4.782   5.314   5.904   6.56    7.289   6.56  -94.096]
 [-96.127   4.304   4.782   5.314   5.904   6.56    5.904 -94.686]
 [-96.514   3.873   4.304   4.782   5.314   5.904   5.314 -95.218]]
------------------------- Rotation = 6 ---------------------------------
[[-186.863    3.486    3.873  -12.44     7.289    9.999    7.289 -183.44 ]
 [-186.514    3.873    4.304  -13.096    6.56     9.999    6.56  -184.096]
 [-186.127    4.304    4.782   -4.686    7.289    9.999    7.289 -183.44 ]
 [-186.514    3.873    4.304    4.782    6.56     8.999    6.56  -184.096]
 [-186.127    4.304    4.782    5.314    7.289    8.099    7.289 -183.44 ]
 [-186.514    3.873    4.304    4.782    6.56     7.289    6.56  -184.096]
 [-186.127    4.304    4.782    5.314    5.904    6.56     5.904 -184.686]
 [-186.514    3.873    4.304    4.782    5.314    5.904    5.314 -185.218]]
------------------------- Rotation = 7 ---------------------------------
[[-96.863   3.486   3.873  -3.44    7.289   9.999   7.289 -93.44 ]
 [-96.514   3.873   4.304  -2.711   8.099   8.999   8.099 -92.711]
 [-96.127   4.304   4.782  -3.44    7.289   9.999   7.289 -93.44 ]
 [-95.696   4.782   5.314   5.904   8.099   8.999   8.099 -92.711]
 [-96.127   4.304   4.782   5.314   7.289   8.099   7.289 -93.44 ]
 [-95.696   4.782   5.314   5.904   6.56    7.289   6.56  -94.096]
 [-96.127   4.304   4.782   5.314   5.904   6.56    5.904 -94.686]
 [-96.514   3.873   4.304   4.782   5.314   5.904   5.314 -95.218]]
------------------------- Rotation = 8 ---------------------------------
[[-96.863 -96.514 -96.863 -93.44  -91.001 -93.44  -91.001 -93.44 ]
 [  3.486   3.873   3.486   7.289   8.099   7.289   8.099   7.289]
 [  3.873   4.304   3.873   8.099   8.999   8.099   8.999   8.099]
 [  4.304   4.782   4.304   7.289   8.099   7.289   8.099   7.289]
 [  4.782   5.314   5.904   6.56    7.289   6.56    7.289   6.56 ]
 [  4.304   4.782   5.314   5.904   6.56    5.904   6.56    5.904]
 [  3.873   4.304   4.782   5.314   5.904   5.314   5.904   5.314]
 [-96.514 -96.127 -95.696 -95.218 -94.686 -95.218 -94.686 -95.218]]
------------------------- Rotation = 9 ---------------------------------
[[-186.863 -187.177 -184.096 -181.901 -184.096 -181.901 -184.096 -181.901]
 [   3.486    3.137    3.486    7.289    6.56     7.289    6.56     7.289]
 [   3.873    3.486    3.873    8.099    7.289    8.099    7.289    8.099]
 [   4.304    3.873    4.304    7.289    6.56     7.289    6.56     7.289]
 [   4.782    5.314    5.904    6.56     5.904    6.56     5.904    6.56 ]
 [   4.304    4.782    5.314    5.904    5.314    5.904    5.314    5.904]
 [   3.873    4.304    4.782    5.314    4.782    5.314    4.782    5.314]
 [-186.514 -186.127 -185.696 -185.218 -185.696 -185.218 -185.696 -185.218]]
------------------------- Rotation = 10 ---------------------------------
[[-96.863 -96.514 -96.863 -94.686 -95.218 -94.686 -95.218 -94.686]
 [  3.486   3.873   3.486   5.904   6.56    5.904   6.56    5.904]
 [  3.873   4.304   3.873   6.56    7.289   6.56    7.289   6.56 ]
 [  4.304   4.782   4.304   5.904   6.56    5.904   6.56    5.904]
 [  4.782   5.314   5.904   5.314   5.904   5.314   5.904   5.314]
 [  4.304   4.782   5.314   4.782   5.314   4.782   5.314   4.782]
 [  3.873   4.304   4.782   4.304   4.782   4.304   4.782   4.304]
 [-96.514 -96.127 -96.514 -96.127 -96.514 -96.127 -96.514 -96.127]]
------------------------- Rotation = 11 ---------------------------------
[[-96.863   3.486   3.873  -4.686   5.904   5.314   5.904 -94.686]
 [-96.514   3.873   4.304  -4.096   6.56    5.904   6.56  -94.096]
 [-96.127   4.304   4.782  -4.686   5.904   5.314   5.904 -94.686]
 [-95.696   4.782   5.314   4.782   6.56    5.904   6.56  -94.096]
 [-96.127   4.304   4.782   4.304   5.904   5.314   5.904 -94.686]
 [-95.696   4.782   5.314   4.782   5.314   4.782   5.314 -95.218]
 [-96.127   4.304   4.782   4.304   4.782   4.304   4.782 -95.696]
 [-96.514   3.873   4.304   3.873   4.304   3.873   4.304 -96.127]]
Policy Iteration took 11.081 seconds.
