------------------------- Rotation = 0 ---------------------------------
[[-186.863    3.486    3.873  -12.44     7.289    9.999    7.289 -182.711]
 [-186.514    3.873    4.304  -11.711    8.099    9.999    8.099 -182.711]
 [-186.127    4.304    4.782   -4.686    7.289    9.999    7.289 -183.44 ]
 [-186.514    3.873    4.304    4.782    8.099    8.999    8.099 -182.711]
 [-186.127    4.304    4.782    5.314    7.289    8.099    7.289 -183.44 ]
 [-186.514    3.873    4.304    4.782    6.56     7.289    6.56  -184.096]
 [-186.127    4.304    4.782    5.314    5.904    6.56     5.904 -184.686]
 [-186.514    3.873    4.304    4.782    5.314    5.904    5.314 -185.218]]
------------------------- Rotation = 1 ---------------------------------
[[-96.863   3.486   3.873  -1.901   8.999   9.999   8.999 -91.901]
 [-96.514   3.873   4.304  -2.711   8.099   9.999   8.099 -92.711]
 [-96.127   4.304   4.782  -1.901   8.999   9.999   8.999 -91.901]
 [-95.696   4.782   5.314   5.904   8.099   8.999   8.099 -92.711]
 [-96.127   4.304   4.782   5.314   7.289   8.099   7.289 -93.44 ]
 [-95.696   4.782   5.314   5.904   6.56    7.289   6.56  -94.096]
 [-96.127   4.304   4.782   5.314   5.904   6.56    5.904 -94.686]
 [-96.514   3.873   4.304   4.782   5.314   5.904   5.314 -95.218]]
------------------------- Rotation = 2 ---------------------------------
[[-96.863 -96.514 -96.863 -91.901 -91.001 -91.901 -91.001 -91.901]
 [  3.486   3.873   3.486   8.999   9.999   9.999   9.999   8.999]
 [  3.873   4.304   3.873   8.099   8.999   8.099   8.999   8.099]
 [  4.304   4.782   4.304   7.289   8.099   7.289   8.099   7.289]
 [  4.782   5.314   5.904   6.56    7.289   6.56    7.289   6.56 ]
 [  4.304   4.782   5.314   5.904   6.56    5.904   6.56    5.904]
 [  3.873   4.304   4.782   5.314   5.904   5.314   5.904   5.314]
 [-96.514 -96.127 -95.696 -95.218 -94.686 -95.218 -94.686 -95.218]]
------------------------- Rotation = 3 ---------------------------------
[[-186.863 -187.177 -182.711 -181.901 -182.711 -181.901 -182.711 -181.901]
 [   3.486    3.137    3.486    8.999    9.999    9.999    9.999    8.999]
 [   3.873    3.486    3.873    8.099    7.289    8.099    7.289    8.099]
 [   4.304    3.873    4.304    7.289    6.56     7.289    6.56     7.289]
 [   4.782    5.314    5.904    6.56     5.904    6.56     5.904    6.56 ]
 [   4.304    4.782    5.314    5.904    5.314    5.904    5.314    5.904]
 [   3.873    4.304    4.782    5.314    4.782    5.314    4.782    5.314]
 [-186.514 -186.127 -185.696 -185.218 -185.696 -185.218 -185.696 -185.218]]
------------------------- Rotation = 4 ---------------------------------
[[-96.863 -96.514 -96.863 -91.901 -91.001 -91.901 -91.001 -91.901]
 [  3.486   3.873   3.486   8.999   9.999   9.999   9.999   8.999]
 [  3.873   4.304   3.873   8.099   8.999   8.099   8.999   8.099]
 [  4.304   4.782   4.304   7.289   8.099   7.289   8.099   7.289]
 [  4.782   5.314   5.904   6.56    7.289   6.56    7.289   6.56 ]
 [  4.304   4.782   5.314   5.904   6.56    5.904   6.56    5.904]
 [  3.873   4.304   4.782   5.314   5.904   5.314   5.904   5.314]
 [-96.514 -96.127 -95.696 -95.218 -94.686 -95.218 -94.686 -95.218]]
------------------------- Rotation = 5 ---------------------------------
[[-96.863   3.486   3.873  -1.901   8.999   9.999   8.999 -91.901]
 [-96.514   3.873   4.304  -2.711   8.099   9.999   8.099 -92.711]
 [-96.127   4.304   4.782  -1.901   8.999   9.999   8.999 -91.901]
 [-95.696   4.782   5.314   5.904   8.099   8.999   8.099 -92.711]
 [-96.127   4.304   4.782   5.314   7.289   8.099   7.289 -93.44 ]
 [-95.696   4.782   5.314   5.904   6.56    7.289   6.56  -94.096]
 [-96.127   4.304   4.782   5.314   5.904   6.56    5.904 -94.686]
 [-96.514   3.873   4.304   4.782   5.314   5.904   5.314 -95.218]]
------------------------- Rotation = 6 ---------------------------------
[[-186.863    3.486    3.873  -12.44     7.289    9.999    7.289 -182.711]
 [-186.514    3.873    4.304  -11.711    8.099    9.999    8.099 -182.711]
 [-186.127    4.304    4.782   -4.686    7.289    9.999    7.289 -183.44 ]
 [-186.514    3.873    4.304    4.782    8.099    8.999    8.099 -182.711]
 [-186.127    4.304    4.782    5.314    7.289    8.099    7.289 -183.44 ]
 [-186.514    3.873    4.304    4.782    6.56     7.289    6.56  -184.096]
 [-186.127    4.304    4.782    5.314    5.904    6.56     5.904 -184.686]
 [-186.514    3.873    4.304    4.782    5.314    5.904    5.314 -185.218]]
------------------------- Rotation = 7 ---------------------------------
[[-96.863   3.486   3.873  -1.901   8.999   9.999   8.999 -91.901]
 [-96.514   3.873   4.304  -2.711   8.099   9.999   8.099 -92.711]
 [-96.127   4.304   4.782  -1.901   8.999   9.999   8.999 -91.901]
 [-95.696   4.782   5.314   5.904   8.099   8.999   8.099 -92.711]
 [-96.127   4.304   4.782   5.314   7.289   8.099   7.289 -93.44 ]
 [-95.696   4.782   5.314   5.904   6.56    7.289   6.56  -94.096]
 [-96.127   4.304   4.782   5.314   5.904   6.56    5.904 -94.686]
 [-96.514   3.873   4.304   4.782   5.314   5.904   5.314 -95.218]]
------------------------- Rotation = 8 ---------------------------------
[[-96.863 -96.514 -96.863 -91.901 -91.001 -91.901 -91.001 -91.901]
 [  3.486   3.873   3.486   8.999   9.999   9.999   9.999   8.999]
 [  3.873   4.304   3.873   8.099   8.999   8.099   8.999   8.099]
 [  4.304   4.782   4.304   7.289   8.099   7.289   8.099   7.289]
 [  4.782   5.314   5.904   6.56    7.289   6.56    7.289   6.56 ]
 [  4.304   4.782   5.314   5.904   6.56    5.904   6.56    5.904]
 [  3.873   4.304   4.782   5.314   5.904   5.314   5.904   5.314]
 [-96.514 -96.127 -95.696 -95.218 -94.686 -95.218 -94.686 -95.218]]
------------------------- Rotation = 9 ---------------------------------
[[-186.863 -187.177 -182.711 -181.901 -182.711 -181.901 -182.711 -181.901]
 [   3.486    3.137    3.486    8.999    9.999    9.999    9.999    8.999]
 [   3.873    3.486    3.873    8.099    7.289    8.099    7.289    8.099]
 [   4.304    3.873    4.304    7.289    6.56     7.289    6.56     7.289]
 [   4.782    5.314    5.904    6.56     5.904    6.56     5.904    6.56 ]
 [   4.304    4.782    5.314    5.904    5.314    5.904    5.314    5.904]
 [   3.873    4.304    4.782    5.314    4.782    5.314    4.782    5.314]
 [-186.514 -186.127 -185.696 -185.218 -185.696 -185.218 -185.696 -185.218]]
------------------------- Rotation = 10 ---------------------------------
[[-96.863 -96.514 -96.863 -91.901 -91.001 -91.901 -91.001 -91.901]
 [  3.486   3.873   3.486   8.999   9.999   9.999   9.999   8.999]
 [  3.873   4.304   3.873   8.099   8.999   8.099   8.999   8.099]
 [  4.304   4.782   4.304   7.289   8.099   7.289   8.099   7.289]
 [  4.782   5.314   5.904   6.56    7.289   6.56    7.289   6.56 ]
 [  4.304   4.782   5.314   5.904   6.56    5.904   6.56    5.904]
 [  3.873   4.304   4.782   5.314   5.904   5.314   5.904   5.314]
 [-96.514 -96.127 -95.696 -95.218 -94.686 -95.218 -94.686 -95.218]]
------------------------- Rotation = 11 ---------------------------------
[[-96.863   3.486   3.873  -1.901   8.999   9.999   8.999 -91.901]
 [-96.514   3.873   4.304  -2.711   8.099   9.999   8.099 -92.711]
 [-96.127   4.304   4.782  -1.901   8.999   9.999   8.999 -91.901]
 [-95.696   4.782   5.314   5.904   8.099   8.999   8.099 -92.711]
 [-96.127   4.304   4.782   5.314   7.289   8.099   7.289 -93.44 ]
 [-95.696   4.782   5.314   5.904   6.56    7.289   6.56  -94.096]
 [-96.127   4.304   4.782   5.314   5.904   6.56    5.904 -94.686]
 [-96.514   3.873   4.304   4.782   5.314   5.904   5.314 -95.218]]
Policy Iteration took 6.868 seconds.
