------------------------- Rotation = 0 ---------------------------------
[[-6.40687e+02 -6.03239e+02 -5.69362e+02 -5.15485e+02 -4.24141e+02
   9.99900e+00 -4.42407e+02 -5.34921e+02]
 [-6.40687e+02 -6.03239e+02 -5.69362e+02 -5.15485e+02 -4.24141e+02
   9.99900e+00 -4.42407e+02 -5.34921e+02]
 [-5.08650e+02 -3.70521e+02 -3.31993e+02 -3.01775e+02 -2.27603e+02
   9.99900e+00 -2.57624e+02 -4.33513e+02]
 [-3.99456e+02 -1.96320e+02 -1.60135e+02 -1.47090e+02 -9.13700e+01
   4.12300e+00 -1.34938e+02 -3.56732e+02]
 [-3.66982e+02 -1.32876e+02 -9.78730e+01 -8.88750e+01 -4.08060e+01
   5.04000e-01 -8.07390e+01 -3.24567e+02]
 [-3.56031e+02 -1.09019e+02 -7.14000e+01 -5.41630e+01 -2.26470e+01
  -1.49600e+00 -5.15050e+01 -3.00671e+02]
 [-3.62207e+02 -1.08906e+02 -6.69150e+01 -4.48200e+01 -2.08910e+01
  -2.79600e+00 -3.87220e+01 -2.87014e+02]
 [-3.90147e+02 -1.38920e+02 -9.28750e+01 -6.62900e+01 -3.92290e+01
  -7.24500e+00 -4.28340e+01 -2.89186e+02]]
------------------------- Rotation = 1 ---------------------------------
[[-696.688 -645.052 -581.355 -515.514 -430.441  -88.227 -418.311 -523.51 ]
 [-557.845 -516.741 -469.002 -404.925 -310.801    9.999 -328.77  -433.968]
 [-400.85  -288.315 -242.373 -193.5   -134.2     -2.751 -120.624 -249.981]
 [-363.839 -227.383 -190.172 -149.109  -88.56    -5.734  -81.223 -241.236]
 [-306.251 -158.699 -129.617 -102.144  -54.855   -6.57   -63.334 -224.441]
 [-251.751  -99.511  -77.395  -57.749  -31.852   -6.957  -54.724 -212.869]
 [-215.686  -62.994  -47.633  -36.805  -24.825  -14.561  -54.76  -210.358]
 [-272.419 -120.549 -108.767 -102.589  -99.077  -72.823 -119.106 -263.539]]
------------------------- Rotation = 2 ---------------------------------
[[-675.094 -625.179 -568.18  -480.409 -314.337 -352.016 -293.447 -474.623]
 [-338.905 -299.67  -253.91  -190.198 -114.35     9.999  -19.641  -87.834]
 [-367.57  -305.216 -268.529 -203.765 -110.627  -62.031  -45.556 -169.796]
 [-288.757 -208.836 -177.295 -124.432  -63.027  -41.047  -29.982 -141.324]
 [-214.272 -124.352  -97.119  -67.216  -30.825  -32.49   -21.856 -126.069]
 [-169.784  -77.479  -56.682  -38.55   -18.753  -28.626  -18.284 -118.318]
 [-145.765  -54.713  -38.883  -27.805  -19.765  -36.073  -49.307 -125.803]
 [-277.904 -187.38  -173.025 -163.575 -150.691 -169.868 -180.628 -259.306]]
------------------------- Rotation = 3 ---------------------------------
[[-662.608 -605.071 -527.044 -421.641 -370.398 -409.511 -370.398 -409.511]
 [-128.678  -99.103  -67.884  -22.293    9.999    9.999    9.999  -11.548]
 [-250.046 -212.569 -165.32   -89.28   -41.345  -56.943  -41.345  -56.943]
 [-178.378 -147.736 -111.844  -54.665  -28.344  -38.145  -28.344  -38.145]
 [-111.112  -86.429  -60.275  -31.314  -22.666  -29.185  -22.666  -29.185]
 [ -68.678  -50.767  -34.869  -20.125  -20.086  -25.06   -20.086  -25.06 ]
 [ -46.434  -33.954  -25.506  -20.944  -28.728  -40.973  -28.728  -40.973]
 [-269.74  -259.089 -252.243 -246.899 -252.423 -264.877 -252.423 -264.877]]
------------------------- Rotation = 4 ---------------------------------
[[-328.708 -226.221 -205.988 -189.076 -152.18  -180.613 -176.671 -273.166]
 [-151.849  -74.026  -50.781  -22.477   -4.726    9.999  -51.682 -111.244]
 [-228.217 -134.461 -110.822  -72.238  -32.732  -33.591  -18.475 -128.332]
 [-263.921 -177.25  -149.906 -103.391  -54.47   -41.718  -27.931 -138.742]
 [-317.984 -244.657 -208.778 -158.485  -92.578  -60.427  -45.632 -163.092]
 [-392.297 -341.821 -301.537 -236.525 -147.983 -101.121  -78.857 -213.725]
 [-488.742 -463.835 -421.884 -346.633 -211.424 -220.878 -145.91  -321.092]
 [-629.609 -604.545 -562.251 -486.488 -348.91  -357.674 -319.801 -470.555]]
------------------------- Rotation = 5 ---------------------------------
[[-3.65501e+02 -2.02025e+02 -1.61966e+02 -1.38972e+02 -1.24769e+02
  -5.72520e+01 -1.51916e+02 -2.89942e+02]
 [-2.71235e+02 -1.11682e+02 -8.55360e+01 -5.78570e+01 -2.44550e+01
   9.99900e+00 -5.11950e+01 -2.12188e+02]
 [-3.16617e+02 -1.59557e+02 -1.25111e+02 -8.93340e+01 -5.43340e+01
   1.35000e-01 -6.79230e+01 -2.30402e+02]
 [-3.33443e+02 -1.89322e+02 -1.55847e+02 -1.15581e+02 -7.56000e+01
  -9.94600e+00 -7.79660e+01 -2.45138e+02]
 [-3.64928e+02 -2.40272e+02 -2.09321e+02 -1.68379e+02 -1.12700e+02
  -2.41740e+01 -1.05995e+02 -2.80729e+02]
 [-4.17546e+02 -3.23958e+02 -2.95928e+02 -2.52633e+02 -1.75738e+02
  -4.45230e+01 -1.73078e+02 -3.46606e+02]
 [-4.94176e+02 -4.77275e+02 -4.51341e+02 -4.09462e+02 -3.33147e+02
  -7.00680e+01 -3.41244e+02 -4.28779e+02]
 [-5.69831e+02 -5.53291e+02 -5.27181e+02 -4.84794e+02 -4.08525e+02
  -1.40528e+02 -3.91623e+02 -4.79158e+02]]
------------------------- Rotation = 6 ---------------------------------
[[-343.119  -98.901  -75.825  -62.282  -22.847    9.999  -45.644 -289.124]
 [-386.21  -142.173 -115.149  -94.173  -47.905    9.999  -48.791 -304.928]
 [-410.593 -178.302 -150.728 -123.197  -71.511    9.999  -62.527 -321.656]
 [-449.609 -236.56  -208.301 -168.544 -112.154    5.031  -94.035 -356.121]
 [-505.977 -326.178 -298.362 -253.843 -180.482   -1.548 -160.31  -413.763]
 [-576.952 -459.944 -432.661 -386.397 -302.682  -10.943 -287.476 -487.566]
 [-642.692 -625.811 -598.371 -551.764 -467.537  -24.413 -449.272 -543.866]
 [-642.692 -625.811 -598.371 -551.764 -467.537  -42.171 -449.272 -543.866]]
------------------------- Rotation = 7 ---------------------------------
[[-302.279 -173.209 -151.006 -137.903 -103.557  -54.592  -86.033 -224.513]
 [-270.576 -110.084  -62.277  -47.644  -16.258    9.999  -17.018 -176.156]
 [-303.319 -140.578  -84.292  -63.569  -28.27     2.229  -39.899 -202.879]
 [-357.164 -194.117 -125.574  -87.861  -49.061   -6.998  -71.895 -237.697]
 [-440.053 -284.144 -205.606 -148.656  -86.726  -21.364 -120.426 -286.254]
 [-554.557 -425.403 -342.038 -270.053 -171.516  -42.092 -200.337 -360.324]
 [-673.837 -634.979 -555.54  -477.855 -366.602  -68.535 -378.732 -462.378]
 [-732.288 -693.43  -640.024 -561.573 -448.563 -140.306 -460.693 -541.725]]
------------------------- Rotation = 8 ---------------------------------
[[-309.262 -240.516 -223.601 -197.706 -164.85  -156.192 -145.688 -240.103]
 [-157.226 -117.317 -100.466  -72.139  -40.801    9.999   -1.478  -69.063]
 [-194.477  -85.866  -70.867  -39.345  -13.044  -14.524  -23.423 -128.352]
 [-231.237 -117.779  -94.013  -58.052  -25.58   -28.181  -45.56  -160.7  ]
 [-293.604 -175.898 -133.995  -89.921  -46.54   -51.96   -85.987 -208.241]
 [-392.712 -277.491 -223.04  -152.819  -82.319 -101.197 -142.797 -269.651]
 [-539.16  -438.245 -376.733 -285.996 -151.492 -233.545 -209.475 -364.931]
 [-698.828 -631.906 -569.278 -475.272 -330.097 -385.614 -350.987 -508.654]]
------------------------- Rotation = 9 ---------------------------------
[[-313.988 -296.817 -276.534 -251.282 -239.108 -251.282 -239.108 -238.716]
 [ -65.841  -50.757  -36.157   -6.789    9.999    9.999    9.999  -19.182]
 [ -84.002  -61.033  -45.229  -14.313   -9.255  -14.313   -9.255  -21.6  ]
 [-115.692  -84.509  -61.997  -27.131  -20.361  -27.131  -20.361  -41.259]
 [-171.366 -125.685  -85.003  -49.294  -39.28   -49.294  -39.28   -74.628]
 [-268.099 -211.164 -150.389  -92.705  -75.868  -92.705  -75.868 -126.405]
 [-420.441 -357.155 -278.348 -187.253 -162.648 -187.253 -162.648 -216.074]
 [-680.223 -621.527 -539.319 -440.413 -404.188 -440.413 -404.188 -452.542]]
------------------------- Rotation = 10 ---------------------------------
[[-611.665 -551.984 -502.608 -422.193 -283.402 -326.459 -312.512 -463.222]
 [-136.502  -73.794  -52.807  -30.539   -9.368    9.999 -103.776 -174.618]
 [-227.831 -129.608 -112.721  -75.754  -28.547  -37.659 -107.531 -222.33 ]
 [-196.275  -91.739  -75.302  -40.245  -13.353  -17.998  -62.137 -172.918]
 [-184.228  -73.908  -50.231  -25.653   -8.405  -12.538  -33.671 -138.604]
 [-190.873  -75.353  -47.689  -25.88    -9.344  -15.682  -22.81  -125.161]
 [-227.199 -134.076 -102.102  -74.444  -47.092  -34.865  -24.855 -126.772]
 [-380.917 -297.353 -261.779 -226.994 -183.626 -187.708 -158.512 -267.537]]
------------------------- Rotation = 11 ---------------------------------
[[-5.75350e+02 -5.40697e+02 -5.07042e+02 -4.54461e+02 -3.66542e+02
  -8.78160e+01 -3.83444e+02 -4.67419e+02]
 [-5.19517e+02 -4.84864e+02 -4.26678e+02 -3.75376e+02 -2.89030e+02
   9.99900e+00 -2.99406e+02 -3.86369e+02]
 [-2.97218e+02 -1.86202e+02 -1.33498e+02 -1.15879e+02 -7.49680e+01
   1.07600e+00 -1.17286e+02 -2.42594e+02]
 [-2.95429e+02 -1.51250e+02 -9.97760e+01 -8.16110e+01 -3.83190e+01
  -2.70000e-01 -8.08830e+01 -2.34213e+02]
 [-2.93353e+02 -1.38871e+02 -8.46150e+01 -6.30990e+01 -2.57220e+01
  -1.08500e+00 -5.72510e+01 -2.14349e+02]
 [-3.09229e+02 -1.49827e+02 -8.91540e+01 -5.95790e+01 -3.04280e+01
  -2.47700e+00 -4.88920e+01 -2.02671e+02]
 [-3.50069e+02 -1.87219e+02 -1.21880e+02 -8.76790e+01 -5.31830e+01
  -1.20470e+01 -6.33970e+01 -2.13519e+02]
 [-4.34055e+02 -2.80509e+02 -2.38213e+02 -1.99574e+02 -1.57251e+02
  -7.23660e+01 -1.49542e+02 -2.96032e+02]]
