------------------------- Rotation = 0 ---------------------------------
[[-116.6237    0.6501    0.7081    1.9958    4.448     4.7364    4.448
  -113.5651]
 [ -99.4149    0.7161    0.726     3.8364    4.7364    4.7364    4.7364
   -96.1636]
 [ -99.3627    0.7869    0.7642    3.6066    4.448     4.7364    4.448
   -96.3934]
 [ -98.2038    4.2628    4.0074    3.406     3.773     4.0168    3.773
   -96.9347]
 [ -95.9968    5.2628    4.1501    3.6556    3.4005    3.398     3.4005
   -97.2698]
 [ -95.7372    5.2628    4.2628    3.6961    3.0603    2.9208    2.8557
   -97.7172]
 [ -95.9968    5.2628    4.1501    3.6556    3.0732    2.6675    2.4944
   -97.9651]
 [-113.3893    4.2628    4.0074    3.406     3.0337    2.5366    2.2611
  -115.2163]]
------------------------- Rotation = 1 ---------------------------------
[[-116.2974  -24.3655  -25.9015  -25.4991  -20.7232  -20.514   -47.6806
  -132.6353]
 [ -80.0023    0.7338    0.8743    3.8364    4.7364    4.7364    4.7364
   -96.1636]
 [ -80.0392    0.7869    0.7034    3.6066    3.735     4.486     4.4611
   -76.8754]
 [ -79.9352    1.5085    1.2563    3.3376    3.2899    4.1067    3.7984
   -77.181 ]
 [ -76.4186    4.9809    4.0032    3.4893    3.2291    3.4003    3.4147
   -77.6995]
 [ -76.3454    5.2628    4.321     3.6961    3.2225    3.0008    2.8568
   -78.0618]
 [ -95.9968    4.2628    4.2064    3.7509    3.1488    2.7466    2.5305
   -78.4112]
 [-132.5041  -47.748   -21.0864  -21.6009  -21.973   -22.4731  -22.7242
  -114.8313]]
------------------------- Rotation = 2 ---------------------------------
[[-116.2972  -80.0254  -84.5072  -78.8688  -76.1575  -76.627   -96.265
  -132.6741]
 [ -24.3517    0.7059    0.7081    4.129     4.486     4.7364    3.8364
   -47.6353]
 [ -23.9982    0.7869    0.7298    1.4398    4.2357    4.7364    4.4405
   -21.2016]
 [ -28.8438   -3.9381   -4.1746    3.5234    3.6321    3.8364    3.7678
   -21.5204]
 [ -20.7936    4.3824    4.1352    3.3521    3.278     3.1752    3.2533
   -22.0694]
 [ -20.0521    5.2628    4.9479    4.0143    3.4763    2.9331    2.7043
   -22.4232]
 [ -47.5576    4.2628    4.2064    3.9561    3.3216    2.9258    2.4942
   -22.7294]
 [-132.7243  -96.3534  -76.8735  -77.2923  -77.6322  -78.1005  -78.4003
  -114.8363]]
------------------------- Rotation = 3 ---------------------------------
[[-116.625   -99.4266  -99.3929 -105.7305  -96.265   -95.2636  -96.265
  -113.5116]
 [   0.6371    0.6862    0.7081    4.0518    4.7364    4.7364    4.7364
     4.0518]
 [   0.6747    0.6896    0.6877    3.773     4.5947    4.7364    4.5947
     3.773 ]
 [  -6.3671   -6.2839   -6.3671    3.5322    3.7246    3.8364    3.7246
     3.5322]
 [   4.1501    4.2628    4.1501    4.0358    3.3882    3.1621    3.1454
     2.9654]
 [   5.2628    5.2628    5.2628    4.2628    3.5136    2.9054    2.6487
     2.596 ]
 [   4.1501    4.2628    4.1501    4.0358    3.3882    2.94      2.4557
     2.2442]
 [-113.5906  -96.3534  -96.6043  -96.8211  -97.3311  -97.6636  -97.9802
  -115.2229]]
------------------------- Rotation = 4 ---------------------------------
[[-135.7322  -99.4266  -80.0316  -81.1721  -83.396   -76.627   -76.1575
  -113.1634]
 [ -50.8114    0.6176    0.6436    1.3678    3.8364    4.7364    4.486
   -20.871 ]
 [ -24.3903    0.7151    0.7642    3.7984    4.4405    4.7364    4.2357
   -21.5019]
 [ -30.3066   -4.7825   -3.7485    3.4796    3.7678    3.8364    3.6321
   -22.0162]
 [ -21.5564    4.2628    4.2064    3.9561    3.3216    3.1752    3.0493
   -22.4152]
 [ -20.0521    5.2628    4.9479    4.0143    3.4763    2.8871    2.6459
   -22.7984]
 [ -20.7936    4.3824    4.1352    3.3521    2.8308    2.3838    2.21
   -49.4162]
 [-113.143   -77.0631  -77.2996  -77.8139  -78.1909  -78.5089  -97.9802
  -134.3281]]
------------------------- Rotation = 5 ---------------------------------
[[-135.7287  -50.8178  -24.3823  -27.2622  -23.5553  -20.514   -20.7232
  -113.1995]
 [ -99.4149    0.6444    0.7081    3.8364    4.7364    4.7364    4.7364
   -76.8205]
 [ -80.0304    0.6783    0.8491    3.6066    4.4611    4.486     3.735
   -77.4269]
 [ -82.146    -1.1634    1.4136    2.9299    3.7984    4.1067    3.2899
   -77.8053]
 [ -78.7735    4.2628    4.2064    3.7509    3.4147    3.4003    2.7658
   -78.2265]
 [ -76.3454    5.2628    4.321     3.6961    3.2225    2.9508    2.4007
   -78.5172]
 [ -76.4186    4.9809    4.0032    3.4379    3.0604    2.5701    2.2449
   -97.9651]
 [-113.0206  -21.0667  -21.4588  -21.9581  -22.4214  -22.7643  -49.4256
  -134.3168]]
------------------------- Rotation = 6 ---------------------------------
[[-116.6237    0.6501    0.7081    1.9958    4.448     4.7364    4.448
  -113.5651]
 [ -99.4149    0.7161    0.726     3.8364    4.7364    4.7364    4.7364
   -96.1636]
 [ -99.3627    0.7869    0.7642    3.6066    4.448     4.7364    4.448
   -96.3934]
 [ -98.2038    4.2628    4.0074    3.406     3.773     4.0168    3.773
   -96.9347]
 [ -95.9968    5.2628    4.1501    3.6556    3.4005    3.398     3.4005
   -97.2698]
 [ -95.7372    5.2628    4.2628    3.6961    3.0603    2.9208    2.8557
   -97.7172]
 [ -95.9968    5.2628    4.1501    3.6556    3.0732    2.6675    2.4944
   -97.9651]
 [-113.3893    4.2628    4.0074    3.406     3.0337    2.5366    2.2611
  -115.2163]]
------------------------- Rotation = 7 ---------------------------------
[[-116.2974  -24.3655  -25.9015  -25.4991  -20.7232  -20.514   -47.6806
  -132.6353]
 [ -80.0023    0.7338    0.8743    3.8364    4.7364    4.7364    4.7364
   -96.1636]
 [ -80.0392    0.7869    0.7034    3.6066    3.735     4.486     4.4611
   -76.8754]
 [ -79.9352    1.5085    1.2563    3.3376    3.2899    4.1067    3.7984
   -77.181 ]
 [ -76.4186    4.9809    4.0032    3.4893    3.2291    3.4003    3.4147
   -77.6995]
 [ -76.3454    5.2628    4.321     3.6961    3.2225    3.0008    2.8568
   -78.0618]
 [ -95.9968    4.2628    4.2064    3.7509    3.1488    2.7466    2.5305
   -78.4112]
 [-132.5041  -47.748   -21.0864  -21.6009  -21.973   -22.4731  -22.7242
  -114.8313]]
------------------------- Rotation = 8 ---------------------------------
[[-116.2972  -80.0254  -84.5072  -78.8688  -76.1575  -76.627   -96.265
  -132.6741]
 [ -24.3517    0.7059    0.7081    4.129     4.486     4.7364    3.8364
   -47.6353]
 [ -23.9982    0.7869    0.7298    1.4398    4.2357    4.7364    4.4405
   -21.2016]
 [ -28.8438   -3.9381   -4.1746    3.5234    3.6321    3.8364    3.7678
   -21.5204]
 [ -20.7936    4.3824    4.1352    3.3521    3.278     3.1752    3.2533
   -22.0694]
 [ -20.0521    5.2628    4.9479    4.0143    3.4763    2.9331    2.7043
   -22.4232]
 [ -47.5576    4.2628    4.2064    3.9561    3.3216    2.9258    2.4942
   -22.7294]
 [-132.7243  -96.3534  -76.8735  -77.2923  -77.6322  -78.1005  -78.4003
  -114.8363]]
------------------------- Rotation = 9 ---------------------------------
[[-116.625   -99.4266  -99.3929 -105.7305  -96.265   -95.2636  -96.265
  -113.5116]
 [   0.6371    0.6862    0.7081    4.0518    4.7364    4.7364    4.7364
     4.0518]
 [   0.6747    0.6896    0.6877    3.773     4.5947    4.7364    4.5947
     3.773 ]
 [  -6.3671   -6.2839   -6.3671    3.5322    3.7246    3.8364    3.7246
     3.5322]
 [   4.1501    4.2628    4.1501    4.0358    3.3882    3.1621    3.1454
     2.9654]
 [   5.2628    5.2628    5.2628    4.2628    3.5136    2.9054    2.6487
     2.596 ]
 [   4.1501    4.2628    4.1501    4.0358    3.3882    2.94      2.4557
     2.2442]
 [-113.5906  -96.3534  -96.6043  -96.8211  -97.3311  -97.6636  -97.9802
  -115.2229]]
------------------------- Rotation = 10 ---------------------------------
[[-135.7322  -99.4266  -80.0316  -81.1721  -83.396   -76.627   -76.1575
  -113.1634]
 [ -50.8114    0.6176    0.6436    1.3678    3.8364    4.7364    4.486
   -20.871 ]
 [ -24.3903    0.7151    0.7642    3.7984    4.4405    4.7364    4.2357
   -21.5019]
 [ -30.3066   -4.7825   -3.7485    3.4796    3.7678    3.8364    3.6321
   -22.0162]
 [ -21.5564    4.2628    4.2064    3.9561    3.3216    3.1752    3.0493
   -22.4152]
 [ -20.0521    5.2628    4.9479    4.0143    3.4763    2.8871    2.6459
   -22.7984]
 [ -20.7936    4.3824    4.1352    3.3521    2.8308    2.3838    2.21
   -49.4162]
 [-113.143   -77.0631  -77.2996  -77.8139  -78.1909  -78.5089  -97.9802
  -134.3281]]
------------------------- Rotation = 11 ---------------------------------
[[-135.7287  -50.8178  -24.3823  -27.2622  -23.5553  -20.514   -20.7232
  -113.1995]
 [ -99.4149    0.6444    0.7081    3.8364    4.7364    4.7364    4.7364
   -76.8205]
 [ -80.0304    0.6783    0.8491    3.6066    4.4611    4.486     3.735
   -77.4269]
 [ -82.146    -1.1634    1.4136    2.9299    3.7984    4.1067    3.2899
   -77.8053]
 [ -78.7735    4.2628    4.2064    3.7509    3.4147    3.4003    2.7658
   -78.2265]
 [ -76.3454    5.2628    4.321     3.6961    3.2225    2.9508    2.4007
   -78.5172]
 [ -76.4186    4.9809    4.0032    3.4379    3.0604    2.5701    2.2449
   -97.9651]
 [-113.0206  -21.0667  -21.4588  -21.9581  -22.4214  -22.7643  -49.4256
  -134.3168]]
